2.680000000000000071e+01 2.719999999999999929e+01 2.660000000000000142e+01 2.680000000000000071e+01 2.710000000000000142e+01
2.689999999999999858e+01 2.719999999999999929e+01 2.660000000000000142e+01 2.689999999999999858e+01 2.700000000000000000e+01
2.680000000000000071e+01 2.750000000000000000e+01 2.650000000000000000e+01 2.680000000000000071e+01 2.739999999999999858e+01
2.660000000000000142e+01 2.739999999999999858e+01 2.639999999999999858e+01 2.639999999999999858e+01 2.719999999999999929e+01
2.630000000000000071e+01 2.669999999999999929e+01 2.600000000000000000e+01 2.619999999999999929e+01 2.650000000000000000e+01
2.650000000000000000e+01 2.639999999999999858e+01 2.569999999999999929e+01 2.630000000000000071e+01 2.619999999999999929e+01
2.580000000000000071e+01 2.610000000000000142e+01 2.580000000000000071e+01 2.589999999999999858e+01 2.589999999999999858e+01
2.580000000000000071e+01 2.610000000000000142e+01 2.569999999999999929e+01 2.589999999999999858e+01 2.600000000000000000e+01
2.660000000000000142e+01 2.700000000000000000e+01 2.639999999999999858e+01 2.660000000000000142e+01 2.680000000000000071e+01
2.750000000000000000e+01 2.750000000000000000e+01 2.710000000000000142e+01 2.750000000000000000e+01 2.730000000000000071e+01
2.830000000000000071e+01 2.810000000000000142e+01 2.800000000000000000e+01 2.830000000000000071e+01 2.800000000000000000e+01
2.889999999999999858e+01 2.860000000000000142e+01 2.869999999999999929e+01 2.889999999999999858e+01 2.839999999999999858e+01
2.950000000000000000e+01 2.910000000000000142e+01 2.939999999999999858e+01 2.960000000000000142e+01 2.889999999999999858e+01
3.000000000000000000e+01 2.950000000000000000e+01 2.989999999999999858e+01 3.010000000000000142e+01 2.939999999999999858e+01
3.039999999999999858e+01 2.980000000000000071e+01 3.010000000000000142e+01 3.039999999999999858e+01 2.960000000000000142e+01
3.080000000000000071e+01 3.010000000000000142e+01 3.050000000000000000e+01 3.080000000000000071e+01 3.000000000000000000e+01
3.080000000000000071e+01 3.010000000000000142e+01 3.039999999999999858e+01 3.080000000000000071e+01 3.000000000000000000e+01
3.050000000000000000e+01 3.000000000000000000e+01 3.019999999999999929e+01 3.050000000000000000e+01 2.989999999999999858e+01
3.010000000000000142e+01 2.989999999999999858e+01 2.989999999999999858e+01 3.019999999999999929e+01 2.969999999999999929e+01
2.969999999999999929e+01 2.960000000000000142e+01 2.930000000000000071e+01 2.969999999999999929e+01 2.950000000000000000e+01
2.930000000000000071e+01 2.950000000000000000e+01 2.889999999999999858e+01 2.919999999999999929e+01 2.930000000000000071e+01
2.910000000000000142e+01 2.939999999999999858e+01 2.860000000000000142e+01 2.900000000000000000e+01 2.919999999999999929e+01
2.889999999999999858e+01 2.919999999999999929e+01 2.850000000000000000e+01 2.880000000000000071e+01 2.910000000000000142e+01
2.860000000000000142e+01 2.900000000000000000e+01 2.819999999999999929e+01 2.850000000000000000e+01 2.889999999999999858e+01
